100 facet
4 8 9 10 11 13 16 18 19 20 21 22 23 27 29 30 39 80 99 129 135 136 137 138 140 164 165 183 184 186 187 205 206 209 228 236 238 240 242 246 251 253 254 255 256 257 258 261 280 283 284 302 303 305 306 324 325 327 328 346 347 352 356 358 360 362 364 366 372 374 375 398 417 420 421 439 440 468 472 474 491 502 503 506 507 511 519 523 524 527 528 531 532 542 546 547

111 facet
41 42 43 44 52 53 54 56 59 75 102 103 105 115 118 120 121 122 130 131 144 160 231 247 379 381 382 393 395 397 447 463 464 466 477 479 483 484 492 493 496 512 537 538 549 552 553 560

bulk
45 46 47 48 49 50 51 55 60 61 62 63 64 65 66 67 68 69 70 71 72 73 74 78 81 82 83 84 85 86 87 88 89 90 91 92 93 94 95 96 97 100 104 106 107 108 109 110 111 112 113 114 116 117 124 126 128 145 146 147 148 149 150 151 152 153 154 155 156 157 158 159 163 166 167 168 169 170 171 172 173 174 175 176 177 178 179 180 181 182 185 188 189 190 191 192 193 194 195 196 197 198 199 200 201 202 203 204 207 210 211 212 213 214 215 216 217 218 219 220 221 222 223 224 225 226 229 233 235 237 239 241 243 245 263 264 265 266 267 268 269 270 271 272 273 274 275 276 277 278 279 282 285 286 287 288 289 290 291 292 293 294 295 296 297 298 299 300 301 304 307 308 309 310 311 312 313 314 315 316 317 318 319 320 321 322 323 326 329 330 331 332 333 334 335 336 337 338 339 340 341 342 343 344 345 348 351 353 355 357 359 361 363 365 367 380 383 384 385 386 387 388 389 390 391 392 394 400 401 402 403 404 405 406 407 408 409 410 411 412 413 414 415 416 419 422 423 424 425 426 427 428 429 430 431 432 433 434 435 436 437 438 441 444 445 446 448 449 450 451 452 453 454 455 456 457 458 459 460 467 469 471 473 475 485 488 489 497 500 501 504 505 508 509 517 518 521 522 525 526 529 530 533 540 541 544 545 548 556

edge
1 2 3 5 6 7 12 14 17 25 26 28 31 32 33 34 36 37 38 40 57 58 76 77 79 98 101 119 123 125 127 132 133 134 139 141 142 143 161 162 208 227 230 232 234 244 248 249 252 260 262 281 350 354 369 370 371 373 376 377 378 396 399 418 442 443 461 462 465 470 476 478 480 481 486 487 490 494 495 498 499 510 513 514 515 520 534 536 539 543 550 551 554 555 557 558

vertex
0 15 24 35 250 259 349 368 482 516 535 559

surface
0 1 2 3 4 5 6 7 8 9 10 11 12 13 14 15 16 17 18 19 20 21 22 23 24 25 26 27 28 29 30 31 32 33 34 35 36 37 38 39 40 41 42 43 44 52 53 54 56 57 58 59 75 76 77 79 80 98 99 101 102 103 105 115 118 119 120 121 122 123 125 127 129 130 131 132 133 134 135 136 137 138 139 140 141 142 143 144 160 161 162 164 165 183 184 186 187 205 206 208 209 227 228 230 231 232 234 236 238 240 242 244 246 247 248 249 250 251 252 253 254 255 256 257 258 259 260 261 262 280 281 283 284 302 303 305 306 324 325 327 328 346 347 349 350 352 354 356 358 360 362 364 366 368 369 370 371 372 373 374 375 376 377 378 379 381 382 393 395 396 397 398 399 417 418 420 421 439 440 442 443 447 461 462 463 464 465 466 468 470 472 474 476 477 478 479 480 481 482 483 484 486 487 490 491 492 493 494 495 496 498 499 502 503 506 507 510 511 512 513 514 515 516 519 520 523 524 527 528 531 532 534 535 536 537 538 539 542 543 546 547 549 550 551 552 553 554 555 557 558 559 560